First matrix: 
10 18 58 42 1 96 84 98 84 34 54
3 96 25 69 22 32 36 98 31 33 49
86 92 17 16 22 61 82 93 24 92 72
47 41 7 3 98 32 44 90 18 45 53
100 54 63 15 73 64 61 93 71 65 43
78 8 21 85 15 23 17 64 58 78 83
1 88 18 5 12 14 46 96 5 9 83
39 95 59 73 71 69 6 60 91 59 16
70 99 15 33 64 21 12 85 76 84 72
86 93 28 12 18 59 42 14 77 91 82
88 31 3 27 56 49 43 100 1 91 15
Transpose of First matrix: 
10 3 86 47 100 78 1 39 70 86 88
18 96 92 41 54 8 88 95 99 93 31
58 25 17 7 63 21 18 59 15 28 3
42 69 16 3 15 85 5 73 33 12 27
1 22 22 98 73 15 12 71 64 18 56
96 32 61 32 64 23 14 69 21 59 49
84 36 82 44 61 17 46 6 12 42 43
98 98 93 90 93 64 96 60 85 14 100
84 31 24 18 71 58 5 91 76 77 1
34 33 92 45 65 78 9 59 84 91 91
54 49 72 53 43 83 83 16 72 82 15
Principal Diagonal ofFirst matrix: 
10 96 17 3 73 23 46 60 76 91 15 
Secondary Diagonal of First matrix: 
88 93 15 73 12 23 61 90 24 33 54 
Primes in First matrix: 
3 31 17 61 47 41 7 3 53 73 61 71 43 23 17 83 5 5 83 59 73 71 59 59 31 3 43 
Sorted First matrix: 
1 1 1 3 3 3 5 5 6 7 8
9 10 12 12 12 14 14 15 15 15 15
16 16 17 17 18 18 18 18 21 21 22
22 23 24 25 27 28 31 31 32 32 33
33 34 36 39 41 42 42 43 43 44 45
46 47 49 49 53 54 54 56 58 58 59
59 59 60 61 61 63 64 64 64 65 69
69 70 71 71 72 72 73 73 76 77 78
78 82 82 83 83 84 84 84 85 85 86
86 88 88 90 91 91 91 92 92 93 93
93 95 96 96 96 98 98 98 99 100 100

Second matrix: 
63 59 77 13 78 9 61 17 98 46 98
11 56 41 20 83 92 96 80 67 81 58
2 47 62 58 57 33 52 18 3 69 88
42 31 88 81 23 14 32 55 13 92 95
95 33 72 74 43 67 97 96 94 28 96
6 61 16 28 78 65 13 60 55 98 40
39 68 93 44 3 75 41 92 100 82 48
92 48 18 44 25 83 29 66 11 1 78
87 73 68 83 54 93 49 23 39 57 39
26 17 34 55 82 32 43 39 39 42 54
42 8 31 91 46 1 80 50 63 57 8
Transpose of Second matrix: 
63 11 2 42 95 6 39 92 87 26 42
59 56 47 31 33 61 68 48 73 17 8
77 41 62 88 72 16 93 18 68 34 31
13 20 58 81 74 28 44 44 83 55 91
78 83 57 23 43 78 3 25 54 82 46
9 92 33 14 67 65 75 83 93 32 1
61 96 52 32 97 13 41 29 49 43 80
17 80 18 55 96 60 92 66 23 39 50
98 67 3 13 94 55 100 11 39 39 63
46 81 69 92 28 98 82 1 57 42 57
98 58 88 95 96 40 48 78 39 54 8
Principal Diagonal ofSecond matrix: 
63 56 62 81 43 65 41 66 39 42 8 
Secondary Diagonal of Second matrix: 
42 17 68 44 3 65 97 55 3 81 98 
Primes in Second matrix: 
59 13 61 17 11 41 83 67 2 47 3 31 23 13 43 67 97 61 13 3 41 83 29 11 73 83 23 17 43 31 
Sorted Second matrix: 
1 1 2 3 3 6 8 8 9 11 11
13 13 13 14 16 17 17 18 18 20 23
23 25 26 28 28 29 31 31 32 32 33
33 34 39 39 39 39 39 40 41 41 42
42 42 43 43 44 44 46 46 47 48 48
49 50 52 54 54 55 55 55 56 57 57
57 58 58 59 60 61 61 62 63 63 65
66 67 67 68 68 69 72 73 74 75 77
78 78 78 80 80 81 81 82 82 83 83
83 87 88 88 91 92 92 92 92 93 93
94 95 95 96 96 96 97 98 98 98 100
Test add: 
73 77 135 55 79 105 145 115 182 80 152
14 152 66 89 105 124 132 178 98 114 107
88 139 79 74 79 94 134 111 27 161 160
89 72 95 84 121 46 76 145 31 137 148
195 87 135 89 116 131 158 189 165 93 139
84 69 37 113 93 88 30 124 113 176 123
40 156 111 49 15 89 87 188 105 91 131
131 143 77 117 96 152 35 126 102 60 94
157 172 83 116 118 114 61 108 115 141 111
112 110 62 67 100 91 85 53 116 133 136
130 39 34 118 102 50 123 150 64 148 23
Test sub: 
-53 -41 -19 29 -77 87 23 81 -14 -12 -44
-8 40 -16 49 -61 -60 -60 18 -36 -48 -9
84 45 -45 -42 -35 28 30 75 21 23 -16
5 10 -81 -78 75 18 12 35 5 -47 -42
5 21 -9 -59 30 -3 -36 -3 -23 37 -53
72 -53 5 57 -63 -42 4 4 3 -20 43
-38 20 -75 -39 9 -61 5 4 -95 -73 35
-53 47 41 29 46 -14 -23 -6 80 58 -62
-17 26 -53 -50 10 -72 -37 62 37 27 33
60 76 -6 -43 -64 27 -1 -25 38 49 28
46 23 -28 -64 10 48 -37 50 -62 34 7
Test mul: 
26141 87940684 -355642849 -998547248 -685001418 -444581048 -86215638 2017927669 393377160 -1751032258 1845470914
22511 75726325 -1858177676 1210809179 -1539950392 -1030937128 1400896842 22033692 -1367675954 -1524701309 -1704925934
28936 97336686 -1842020659 1832276452 -474484219 794659183 151997777 -1432162307 -1556605804 -246704400 650372370
28059 94380177 -893006090 780293304 -1423133818 981241151 -2061853317 -1739815914 -1297960858 1460163047 2128156229
35677 120009812 920795498 2017370191 443505978 1031820698 229031103 -696838265 -1736378140 1877319509 1541515722
27366 92048286 1670296077 -1096820607 875384547 1990245714 -365831164 -1784033029 -1416859113 -1600711592 1977338789
17283 58138914 -67188778 -845269737 209028044 2093029208 1158968306 -651192480 -692687300 16704296 1352565130
29761 100114308 1041617100 -1450870556 -2014190984 -639224695 -741472032 -924534847 -268314971 2110107699 -813210567
33299 112007749 1714761979 -1690281836 1337255127 375944959 1922971491 1498976742 -359549604 -967125612 1991339932
24586 82705252 -1001412108 -1373360610 -75929418 2030232769 -1076554158 957734366 1461043179 -1935606668 -2018910583
26687 89765427 65339401 -1563540419 404953173 -1714776507 1580029230 -224709026 927170086 -558138628 1083991284